32
G000250675.fna 0.0 0.187807310228808 0.1930552189711363 0.22033869993175936 0.22712927438386116 0.19736373283035819 0.22009863314312278 0.208080727019647 0.21215632022793962 0.22330523936843924 0.1937521416075988 0.14740986875956102 0.1769542761342948 0.1954691454399327 0.18915096883818908 0.21560746670988667 0.2045845000972889 0.28023719158523586 0.21888534681231203 0.23204633927673013 0.21521857476427725 0.21165962337400318 0.19145139229870545 0.22004003361981944 0.1896248943771015 0.20157040640894341 0.25648599324785903 0.17895106577313993 0.1794556982102506 0.21508267790935226 0.2115197419263921 0.2006204500445486 
G000284035.fna 0.187807310228808 0.0 0.17964926425956934 0.1959978086960255 0.20327674707389193 0.1821894176151653 0.21431485785156737 0.19635501090300064 0.2026524164678497 0.1985735380696657 0.18695824361157248 0.18761818559970653 0.18064414210386687 0.18214718194732668 0.1951848824273708 0.1998797697480797 0.1988513347584024 0.2701721836882231 0.21440383310038105 0.2258929187804989 0.2017696585071213 0.20588642456704265 0.17851385822956317 0.19909369343248468 0.1741502686691298 0.18015760061908226 0.24759940221763405 0.18280434651787586 0.18241458162416277 0.20040797095421026 0.20254519938767768 0.18731391153540566 
G000308355.fna 0.1930552189711363 0.17964926425956934 0.0 0.2201175193414404 0.22546938085874677 0.1860759780021301 0.21943376617668375 0.20042621969523822 0.19949395719181595 0.22321512702661184 0.18949972310343335 0.19071595148527865 0.18999941825151523 0.1512536206660004 0.2058353005639907 0.2093330156163205 0.20253021204096966 0.2684837801323696 0.2146120094364364 0.2381752708549948 0.20762771508665528 0.20949854765195786 0.01600651219936151 0.21694743566984195 0.17600035777394557 0.16963438389639335 0.25034737599425194 0.18970275149694044 0.18942500680500843 0.2065749444040662 0.19876675944879318 0.13279952368649478 
G000308495.fna 0.22033869993175936 0.1959978086960255 0.2201175193414404 0.0 0.2042104671688984 0.20952679927332024 0.23227913185529847 0.21961144238598312 0.2273727429925297 0.1258836206863886 0.21728127145214676 0.22218669020452614 0.20837676767655272 0.217885004221032 0.22063891554889048 0.22375360646851167 0.22411480227569006 0.29431092955167637 0.23772594664983004 0.24576052361376693 0.22654428542908928 0.23006744707697152 0.21814736929554396 0.19727294230031794 0.2048221097719739 0.219969990253373 0.2662320449905083 0.21074458821201808 0.20780208012839738 0.22548347781893907 0.23368849803204167 0.22452058861799412 
G000308515.fna 0.22712927438386116 0.20327674707389193 0.22546938085874677 0.2042104671688984 0.0 0.21852589462352007 0.238900817647449 0.230498774310859 0.23860386128306826 0.2059690914497357 0.22296871143698976 0.23005515569529783 0.22390894036051995 0.22475523531550406 0.23176298768044312 0.22855015492171452 0.22908559736492906 0.29835594904916224 0.24110362702175261 0.2532903153943208 0.22978243982959096 0.23406099964059765 0.22339945253403548 0.16373589823070664 0.21709902677396498 0.2283737310407179 0.26912093442941704 0.22413124331803824 0.22201525351592247 0.23088928854791715 0.23939008733885228 0.22332798973226756 
G000308595.fna 0.19736373283035819 0.1821894176151653 0.1860759780021301 0.20952679927332024 0.21852589462352007 0.0 0.21853419511655986 0.2037482574929837 0.20611290425967171 0.21677405682034373 0.1839263878113718 0.1940781289379218 0.1890930582017481 0.1830735156090592 0.20595170584478623 0.20972785866617508 0.20379580994082414 0.27452966091832487 0.21560102805464337 0.2371723689449587 0.20963322126725328 0.21084674957207822 0.18427272821822618 0.21266901673810354 0.15340956437798065 0.19205617176974138 0.251540114983374 0.18911191727562787 0.18970167256480147 0.2082657038379766 0.20678304943993323 0.19243161250062313 
G000308615.fna 0.22009863314312278 0.21431485785156737 0.21943376617668375 0.23227913185529847 0.238900817647449 0.21853419511655986 0.0 0.21154103494868245 0.2123987083703836 0.23968748480616792 0.2186684461305028 0.21990259640168758 0.21792115353509617 0.21950078216384225 0.21927118525218947 0.20312932254550964 0.19346646265226852 0.29584760649472586 0.20914183315720267 0.2613205065564487 0.19873104855437118 0.20002790837615197 0.21777836323189836 0.23202393885972772 0.2157571452736981 0.22560922597728186 0.2699799832111941 0.2194792454879564 0.21924136639403435 0.20033382973972763 0.2147538871142477 0.22512745291690872 
G000308635.fna 0.208080727019647 0.19635501090300064 0.20042621969523822 0.21961144238598312 0.230498774310859 0.2037482574929837 0.21154103494868245 0.0 0.1765509142927293 0.22411347894300515 0.20671127602777878 0.2074682551860088 0.20464885000461602 0.19841274166162065 0.21527748130685948 0.20307093945153573 0.1954704014351178 0.28231317544078416 0.2129591705394704 0.24927431603531006 0.20363566484583026 0.205112500224146 0.19910740004260963 0.2255062508905191 0.1976477671512255 0.21070024886796823 0.2649163354865132 0.20555458804623622 0.20679972907448876 0.20485963333561458 0.17518909744848096 0.20664844123937343 
G000308655.fna 0.21215632022793962 0.2026524164678497 0.19949395719181595 0.2273727429925297 0.23860386128306826 0.20611290425967171 0.2123987083703836 0.1765509142927293 0.0 0.23310530463988327 0.2107939345892039 0.20979346817566713 0.2095408509499021 0.19771993011236694 0.2154272536884867 0.2069446283406292 0.19890380610244246 0.2775192104976073 0.21267917574908382 0.25567419415692527 0.20698220216466476 0.20959378379783664 0.1979499785635892 0.23270321165679086 0.202930668050733 0.21663628855482436 0.26756355318750735 0.20936077321137692 0.21057167382744882 0.20585211336359793 0.12645016015889013 0.21125508697839618 
G000308675.fna 0.22330523936843924 0.1985735380696657 0.22321512702661184 0.1258836206863886 0.2059690914497357 0.21677405682034373 0.23968748480616792 0.22411347894300515 0.23310530463988327 0.0 0.22022318899242455 0.22604813603280566 0.21293135464994267 0.22097630895953552 0.22559413764963307 0.22557318178980806 0.22968706573168185 0.29405840750371864 0.24009491095482488 0.24535109267129407 0.22962322277598018 0.23362241519399146 0.2219018843184674 0.20356157054882623 0.2091928815529129 0.22190558371877514 0.2653626131270478 0.21500279792861618 0.21461849437999758 0.22819892002819842 0.23538424911478123 0.2268287459901022 
G000308695.fna 0.1937521416075988 0.18695824361157248 0.18949972310343335 0.21728127145214676 0.22296871143698976 0.1839263878113718 0.2186684461305028 0.20671127602777878 0.2107939345892039 0.22022318899242455 0.0 0.1928769066394878 0.18903772296203925 0.18687305863097872 0.20338381713142134 0.21440727624720607 0.20644633607357854 0.2831611973263348 0.2199817257123902 0.2365599049053294 0.21329749399512793 0.21507627871114315 0.18797600779316403 0.2167017477804934 0.1804347999062582 0.1283114194299613 0.2580931865788047 0.18924446367442582 0.18960286695047085 0.21382910642805444 0.21141506423424763 0.1977047969625929 
G000308715.fna 0.14740986875956102 0.18761818559970653 0.19071595148527865 0.22218669020452614 0.23005515569529783 0.1940781289379218 0.21990259640168758 0.2074682551860088 0.20979346817566713 0.22604813603280566 0.1928769066394878 0.0 0.1739629478444677 0.1908999704336422 0.190244984105765 0.2155687845526687 0.2021998533334221 0.28265322146587424 0.2184670690286132 0.23229074012162254 0.21739183759558456 0.2099055136566692 0.18878992701259306 0.22375168816636537 0.1863078565351722 0.2007414203607235 0.26012558842139555 0.1768567677570833 0.17744136930614846 0.21457232246282412 0.20878507889293665 0.1990702877267464 
G000308755.fna 0.1769542761342948 0.18064414210386687 0.18999941825151523 0.20837676767655272 0.22390894036051995 0.1890930582017481 0.21792115353509617 0.20464885000461602 0.2095408509499021 0.21293135464994267 0.18903772296203925 0.1739629478444677 0.0 0.18994439336444952 0.18844352959220034 0.20848961617876666 0.2022333227733951 0.2782349745837772 0.21790434312805274 0.20056396554237932 0.21365167311068117 0.20870299776546708 0.1883399754505657 0.21395662014814892 0.17898532082902444 0.19589313614845233 0.2535028014474112 0.1297817006558373 0.131809676745945 0.20982315473798602 0.21090662589429593 0.1989597857187132 
G000308795.fna 0.1954691454399327 0.18214718194732668 0.1512536206660004 0.217885004221032 0.22475523531550406 0.1830735156090592 0.21950078216384225 0.19841274166162065 0.19771993011236694 0.22097630895953552 0.18687305863097872 0.1908999704336422 0.18994439336444952 0.0 0.20833165069900564 0.2065890590075084 0.2005087186195209 0.26717903338427373 0.21512138322108468 0.23937484349260563 0.2074157840550562 0.20982972347517012 0.14977376817714566 0.21295353143990092 0.1774606143943207 0.1944551819822884 0.2527525422464586 0.19051401603986068 0.18993232637901297 0.20771212361639685 0.19815116700856095 0.16584513030759226 
G000308835.fna 0.18915096883818908 0.1951848824273708 0.2058353005639907 0.22063891554889048 0.23176298768044312 0.20595170584478623 0.21927118525218947 0.21527748130685948 0.2154272536884867 0.22559413764963307 0.20338381713142134 0.190244984105765 0.18844352959220034 0.20833165069900564 0.0 0.22024479481761206 0.21442317745293166 0.2895820174621686 0.22931847410341286 0.2379665774171621 0.21901278979905078 0.22240523201445142 0.20420210990692925 0.22602975063384795 0.20199526086406266 0.20394396984074303 0.271821455579247 0.1909940983368305 0.19247086153402887 0.2177503561505848 0.21761643665985175 0.2112189641765326 
G000308855.fna 0.21560746670988667 0.1998797697480797 0.2093330156163205 0.22375360646851167 0.22855015492171452 0.20972785866617508 0.20312932254550964 0.20307093945153573 0.2069446283406292 0.22557318178980806 0.21440727624720607 0.2155687845526687 0.20848961617876666 0.2065890590075084 0.22024479481761206 0.0 0.18803494631101875 0.28097077204154797 0.2072878665922096 0.25009138805795506 0.15346197898397845 0.19699850691935505 0.2075019324462537 0.22354622398281018 0.20361289181216674 0.22052289150460958 0.25825148096848455 0.21088954455740438 0.20974253470862872 0.13061612274263737 0.20942842204823095 0.21597172047429414 
G000308875.fna 0.2045845000972889 0.1988513347584024 0.20253021204096966 0.22411480227569006 0.22908559736492906 0.20379580994082414 0.19346646265226852 0.1954704014351178 0.19890380610244246 0.22968706573168185 0.20644633607357854 0.2021998533334221 0.2022333227733951 0.2005087186195209 0.21442317745293166 0.18803494631101875 0.0 0.28203771783948695 0.1944885376848621 0.25178839097683836 0.18850585101425515 0.15548069049717178 0.20073260969723405 0.22196815822626473 0.19760327359973176 0.21475633912246345 0.2592222531825599 0.2043279800984239 0.20474025783471603 0.18741114122852864 0.19958424386840834 0.2108494825267495 
G000380645.fna 0.28023719158523586 0.2701721836882231 0.2684837801323696 0.29431092955167637 0.29835594904916224 0.27452966091832487 0.29584760649472586 0.28231317544078416 0.2775192104976073 0.29405840750371864 0.2831611973263348 0.28265322146587424 0.2782349745837772 0.26717903338427373 0.2895820174621686 0.28097077204154797 0.28203771783948695 0.0 0.29656732758848625 0.3034305967587063 0.28370589195800305 0.29013379325924304 0.26722362000318567 0.293424807545732 0.2690348461175963 0.28612963085980936 0.283443429132174 0.276043621965965 0.27655084289445764 0.2811278359524324 0.27556924912911906 0.27225229989386357 
G000381925.fna 0.21888534681231203 0.21440383310038105 0.2146120094364364 0.23772594664983004 0.24110362702175261 0.21560102805464337 0.20914183315720267 0.2129591705394704 0.21267917574908382 0.24009491095482488 0.2199817257123902 0.2184670690286132 0.21790434312805274 0.21512138322108468 0.22931847410341286 0.2072878665922096 0.1944885376848621 0.29656732758848625 0.0 0.2632725306199835 0.20593248648209933 0.1990310972775406 0.21465918657058292 0.23344629150062543 0.2084812604457852 0.22394455879587438 0.26347894907900327 0.21738729368981913 0.2179221033196952 0.20378572966092295 0.21438443068631569 0.22461123753132772 
G000482385.fna 0.23204633927673013 0.2258929187804989 0.2381752708549948 0.24576052361376693 0.2532903153943208 0.2371723689449587 0.2613205065564487 0.24927431603531006 0.25567419415692527 0.24535109267129407 0.2365599049053294 0.23229074012162254 0.20056396554237932 0.23937484349260563 0.2379665774171621 0.25009138805795506 0.25178839097683836 0.3034305967587063 0.2632725306199835 0.0 0.2547468054479179 0.25314470162949715 0.23722981550285283 0.25142035396827167 0.22558051561319203 0.23372242707952515 0.2771861511510322 0.20238220696542772 0.2022667437636389 0.25119125547101906 0.25461497480306894 0.2419267971683467 
G000523235.fna 0.21521857476427725 0.2017696585071213 0.20762771508665528 0.22654428542908928 0.22978243982959096 0.20963322126725328 0.19873104855437118 0.20363566484583026 0.20698220216466476 0.22962322277598018 0.21329749399512793 0.21739183759558456 0.21365167311068117 0.2074157840550562 0.21901278979905078 0.15346197898397845 0.18850585101425515 0.28370589195800305 0.20593248648209933 0.2547468054479179 0.0 0.19756652402203873 0.20629375234372868 0.22471202685758418 0.20627388358469184 0.21868245841238476 0.26118360659069745 0.21359652896229875 0.2130176835468115 0.14789190853439177 0.20856985893789054 0.21438157988060863 
G000526215.fna 0.21165962337400318 0.20588642456704265 0.20949854765195786 0.23006744707697152 0.23406099964059765 0.21084674957207822 0.20002790837615197 0.205112500224146 0.20959378379783664 0.23362241519399146 0.21507627871114315 0.2099055136566692 0.20870299776546708 0.20982972347517012 0.22240523201445142 0.19699850691935505 0.15548069049717178 0.29013379325924304 0.1990310972775406 0.25314470162949715 0.19756652402203873 0.0 0.2089866495801008 0.2247395075268167 0.2013713117106055 0.21969727010098883 0.25784261348117493 0.2092336520040951 0.2099600411856767 0.1952414482502972 0.20863470525917627 0.2176170515600865 
G000719275.fna 0.19145139229870545 0.17851385822956317 0.01600651219936151 0.21814736929554396 0.22339945253403548 0.18427272821822618 0.21777836323189836 0.19910740004260963 0.1979499785635892 0.2219018843184674 0.18797600779316403 0.18878992701259306 0.1883399754505657 0.14977376817714566 0.20420210990692925 0.2075019324462537 0.20073260969723405 0.26722362000318567 0.21465918657058292 0.23722981550285283 0.20629375234372868 0.2089866495801008 0.0 0.2169277214604406 0.17686050799942482 0.16944047484389016 0.2501108497775212 0.18911670857239865 0.1889308225781855 0.20548443758709534 0.19798685144572525 0.13183456416206216 
G000720425.fna 0.22004003361981944 0.19909369343248468 0.21694743566984195 0.19727294230031794 0.16373589823070664 0.21266901673810354 0.23202393885972772 0.2255062508905191 0.23270321165679086 0.20356157054882623 0.2167017477804934 0.22375168816636537 0.21395662014814892 0.21295353143990092 0.22602975063384795 0.22354622398281018 0.22196815822626473 0.293424807545732 0.23344629150062543 0.25142035396827167 0.22471202685758418 0.2247395075268167 0.2169277214604406 0.0 0.2072958569027531 0.22124974620378232 0.2620929333513264 0.21418254116179009 0.2105009339489438 0.22246082379982565 0.23297220921015052 0.22333898178457018 
G001182745.fna 0.1896248943771015 0.1741502686691298 0.17600035777394557 0.2048221097719739 0.21709902677396498 0.15340956437798065 0.2157571452736981 0.1976477671512255 0.202930668050733 0.2091928815529129 0.1804347999062582 0.1863078565351722 0.17898532082902444 0.1774606143943207 0.20199526086406266 0.20361289181216674 0.19760327359973176 0.2690348461175963 0.2084812604457852 0.22558051561319203 0.20627388358469184 0.2013713117106055 0.17686050799942482 0.2072958569027531 0.0 0.18459023990248097 0.24343925352244072 0.17649816515341415 0.17703083977412518 0.20277261414105774 0.20186966546430735 0.19029711867826776 
G001310275.fna 0.20157040640894341 0.18015760061908226 0.16963438389639335 0.219969990253373 0.2283737310407179 0.19205617176974138 0.22560922597728186 0.21070024886796823 0.21663628855482436 0.22190558371877514 0.1283114194299613 0.2007414203607235 0.19589313614845233 0.1944551819822884 0.20394396984074303 0.22052289150460958 0.21475633912246345 0.28612963085980936 0.22394455879587438 0.23372242707952515 0.21868245841238476 0.21969727010098883 0.16944047484389016 0.22124974620378232 0.18459023990248097 0.0 0.26126133328536905 0.19148524495808794 0.19416979698350972 0.21700628308222816 0.21623285579577106 0.20725787655050207 
G001552855.fna 0.25648599324785903 0.24759940221763405 0.25034737599425194 0.2662320449905083 0.26912093442941704 0.251540114983374 0.2699799832111941 0.2649163354865132 0.26756355318750735 0.2653626131270478 0.2580931865788047 0.26012558842139555 0.2535028014474112 0.2527525422464586 0.271821455579247 0.25825148096848455 0.2592222531825599 0.283443429132174 0.26347894907900327 0.2771861511510322 0.26118360659069745 0.25784261348117493 0.2501108497775212 0.2620929333513264 0.24343925352244072 0.26126133328536905 0.0 0.2529718959039367 0.2529322232958767 0.2602583237867899 0.26584247079349044 0.25709108239621115 
G001612765.fna 0.17895106577313993 0.18280434651787586 0.18970275149694044 0.21074458821201808 0.22413124331803824 0.18911191727562787 0.2194792454879564 0.20555458804623622 0.20936077321137692 0.21500279792861618 0.18924446367442582 0.1768567677570833 0.1297817006558373 0.19051401603986068 0.1909940983368305 0.21088954455740438 0.2043279800984239 0.276043621965965 0.21738729368981913 0.20238220696542772 0.21359652896229875 0.2092336520040951 0.18911670857239865 0.21418254116179009 0.17649816515341415 0.19148524495808794 0.2529718959039367 0.0 0.10130320729374054 0.20978639276845235 0.21096825890197196 0.1981630666268769 
G001613465.fna 0.1794556982102506 0.18241458162416277 0.18942500680500843 0.20780208012839738 0.22201525351592247 0.18970167256480147 0.21924136639403435 0.20679972907448876 0.21057167382744882 0.21461849437999758 0.18960286695047085 0.17744136930614846 0.131809676745945 0.18993232637901297 0.19247086153402887 0.20974253470862872 0.20474025783471603 0.27655084289445764 0.2179221033196952 0.2022667437636389 0.2130176835468115 0.2099600411856767 0.1889308225781855 0.2105009339489438 0.17703083977412518 0.19416979698350972 0.2529322232958767 0.10130320729374054 0.0 0.21016370452457842 0.21109592080311257 0.2008321128664268 
G001613505.fna 0.21508267790935226 0.20040797095421026 0.2065749444040662 0.22548347781893907 0.23088928854791715 0.2082657038379766 0.20033382973972763 0.20485963333561458 0.20585211336359793 0.22819892002819842 0.21382910642805444 0.21457232246282412 0.20982315473798602 0.20771212361639685 0.2177503561505848 0.13061612274263737 0.18741114122852864 0.2811278359524324 0.20378572966092295 0.25119125547101906 0.14789190853439177 0.1952414482502972 0.20548443758709534 0.22246082379982565 0.20277261414105774 0.21700628308222816 0.2602583237867899 0.20978639276845235 0.21016370452457842 0.0 0.20829510108551147 0.21593140573470987 
G001865855.fna 0.2115197419263921 0.20254519938767768 0.19876675944879318 0.23368849803204167 0.23939008733885228 0.20678304943993323 0.2147538871142477 0.17518909744848096 0.12645016015889013 0.23538424911478123 0.21141506423424763 0.20878507889293665 0.21090662589429593 0.19815116700856095 0.21761643665985175 0.20942842204823095 0.19958424386840834 0.27556924912911906 0.21438443068631569 0.25461497480306894 0.20856985893789054 0.20863470525917627 0.19798685144572525 0.23297220921015052 0.20186966546430735 0.21623285579577106 0.26584247079349044 0.21096825890197196 0.21109592080311257 0.20829510108551147 0.0 0.20979768394962034 
G001886715.fna 0.2006204500445486 0.18731391153540566 0.13279952368649478 0.22452058861799412 0.22332798973226756 0.19243161250062313 0.22512745291690872 0.20664844123937343 0.21125508697839618 0.2268287459901022 0.1977047969625929 0.1990702877267464 0.1989597857187132 0.16584513030759226 0.2112189641765326 0.21597172047429414 0.2108494825267495 0.27225229989386357 0.22461123753132772 0.2419267971683467 0.21438157988060863 0.2176170515600865 0.13183456416206216 0.22333898178457018 0.19029711867826776 0.20725787655050207 0.25709108239621115 0.1981630666268769 0.2008321128664268 0.21593140573470987 0.20979768394962034 0.0 
